34	1	3.33229120794763	243.68230738282037	3.133564315601562	3.3023053995528997
34	2	-0.18290292341656766	227.32695944526162	-16.434331474564562	6.950702513639413
34	3	1.8430805285780119	229.1604594500522	7.616623382881236	6.54170258580578
34	5	-12.047352989680414	205.0382096069869	1585.3577631063554	11.922667090425762
35	1	3.3311468304345158	243.76993529118965	3.1341091974056225	3.282758190332501
35	2	-0.18573363970364595	227.30590452261308	-15.751798799858644	6.955399247657034
35	3	1.8322911336569425	229.2605323462013	7.8702622360190935	6.519379265818792
35	5	-10.861025640605353	205.0382096069869	744.6757876563485	11.922667090425762
36	1	3.3304873366566614	243.82475158084915	3.134423413807385	3.270530288256545
36	2	-0.1833307208794389	227.36861768368618	-15.337163691179644	6.9414097858156865
36	3	1.8262795149498174	228.7006778451659	8.02282946065018	6.644266339678914
36	5	-10.557732013836794	205.0382096069869	627.8296465431873	11.922667090425762
37	1	3.3300324427237884	243.8213945083078	3.1346402341105497	3.271279152409015
37	2	-0.18195926792670775	227.2991452991453	-15.413436146790628	6.956907031623935
37	3	1.8168202381838825	229.18380508778216	8.139239696553076	6.536494860623428
37	5	-9.483675496061736	207.62849315068493	607.8848133882566	11.344851012065753
38	1	3.3202799618534016	243.79942308648728	3.139308261239692	3.2761803304376613
38	2	-0.18150740796540107	226.85357217246408	-15.232819501434802	7.056301291880857
38	3	1.8100983623141549	229.1551261406334	8.208023130502044	6.542892290284485
38	5	-8.690511332688676	207.82629355860612	-535.8451216336945	11.300727558368528
39	1	3.317285962074893	243.78216046615867	3.140748579300316	3.280031113339305
39	2	-0.17951338007974016	226.66813602015114	-14.778718579379657	7.097666643784635
39	3	1.8024183429716043	229.11004871008478	8.276126588328998	6.55294773931265
39	5	-7.992722065397779	208.81437125748502	-317.3681509744716	11.080316483113776
40	1	3.316799681090575	243.79752828026113	3.140982817297125	3.276603005980462
40	2	-0.1799094713251435	227.73358827278523	-14.60416566720607	6.8599955811727185
40	3	1.7982576634017056	228.89182692307693	8.310775174449576	6.601626602091343
40	5	-7.405604183342718	207.5084650112867	-187.6233879508107	11.37162575993792
41	1	3.3172100464450978	243.8571143981274	3.140785099012709	3.263311095512222
41	2	-0.17550266679480445	227.76353092783506	-14.407903327988322	6.853316255444582
41	3	1.7936840228135607	229.19439646900787	8.3897727262755	6.5341322349644955
41	5	-7.017497398624706	207.1211415259173	-228.43709040125052	11.458026238340125
42	1	3.305486935234043	243.85392362149764	3.146458282518348	3.2640228639375835
42	2	-0.17654683589488343	227.68374785591766	-14.307308718517563	6.871113512369213
42	3	1.792558680532338	229.30079365079365	8.412524153786896	6.510398152849206
42	5	-6.302565958063268	208.03433984606275	-178.18938590692068	11.25431855027827
43	1	3.300765527572986	243.81054472763617	3.148758138487091	3.273699419384812
43	2	-0.17725277776034773	228.7528305917539	-14.082525027237507	6.632632595727408
43	3	1.789757264142251	229.20353443022546	8.440612272845733	6.532093824564292
43	5	-5.976163069129659	208.74290677475392	-129.6222465992296	11.096258107440647
44	1	3.296395968292721	243.85010277234673	3.150757308716333	3.2648751830119807
44	2	-0.17592752304920908	228.84557438794727	-13.84056445432244	6.61194418239171
44	3	1.78674419974889	228.977868852459	8.553672642036236	6.582433178139347
44	5	-5.521950197859895	209.3504859919954	-197.1143859910896	10.960725052978844
45	1	3.294743423827228	243.76467639243995	3.151518441608333	3.2839312959793503
45	2	-0.17925951408928995	229.21284556225316	-13.709916143928803	6.530016784849302
45	3	1.7814588426435338	229.32726520479935	8.634164082999181	6.504493127678941
45	5	-5.338861841070606	209.3504859919954	-245.48516797783353	10.960725052978844
46	1	3.28498828374174	243.5372228353567	3.156322766342583	3.3346694951555094
46	2	-0.18061730526865574	229.07945934876102	-13.488682363504061	6.559771326190862
46	3	1.7797951633752136	228.60971035632423	8.70544908270042	6.6645585110856445
46	5	-5.0270788234493144	208.8751879699248	-145.7993690363476	11.066750063187968
47	1	3.2700762851880776	243.438833391898	3.1637642139175197	3.3566172863576114
47	2	-0.18163338838050094	229.22718093699515	-13.406367364834372	6.526818984347734
47	3	1.771601528623758	227.16788626385113	8.803473056705846	6.986187062069831
47	5	-4.669303227943183	209.29748062015503	-161.32223725576256	10.972548992548454
48	1	3.264483711150451	243.45467828891017	3.166579260174232	3.3530827558326166
48	2	-0.18247226765320704	228.5125049622866	-13.376342711786641	6.6862421756847965
48	3	1.7673798975611292	226.81625740897545	8.897857415762305	7.064625118187976
48	5	-4.129275890241147	208.0772238514174	-172.88133207093958	11.244752389902253
49	1	3.2624179222658998	243.49760379357312	3.1676227951406926	3.3435073381814036
49	2	-0.18319820716842003	228.13844641101278	-13.366127528614651	6.769683637411994
49	3	1.7650455328899046	226.81574940178376	9.089335768252155	7.064738439651947
49	5	-3.7201404807283267	207.8198727361723	-246.63660884177506	11.30215985501713
50	1	3.2616894086099566	243.70562421185372	3.167991608844574	3.2971041007435034
50	2	-0.1853104254434061	228.40956918800873	-13.173690009846377	6.709204119585067
50	3	1.7559827202252651	226.47109067017084	9.526725760474507	7.141621666261493
50	5	-3.5705700694822147	210.1528509822712	-292.46460344282485	10.781741021202684
51	1	3.261463204082058	243.8700713671104	3.1681065368430428	3.260420776796572
51	2	-0.18487978317021544	228.32076953278366	-13.121014710927849	6.729012711067924
51	3	1.748632340812381	228.08593238822246	9.683818003194753	6.781397971459107
51	5	-3.3673432527835487	207.92303969022265	-166.48516948704437	11.279146341708618
52	1	3.2614205816470427	243.94132239773188	3.168128588875476	3.2445267673577334
52	2	-0.1889972403184237	227.98677042801557	-13.056019649554335	6.803518088428014
52	3	1.7393940258955665	229.2381584772023	9.940735664520789	6.52437021797698
52	5	-3.308273424763822	210.05047476261868	-242.61361828890918	10.804578144922537
53	1	3.2614404908301227	243.86440247740887	3.168118966667488	3.2616853393669416
53	2	-0.19495783111247136	228.47443682664056	-12.985285543336753	6.694734057163565
53	3	1.733697533621056	228.3026712623869	9.932288698994322	6.733049902923312
53	5	-3.2191710538921714	208.51596806387226	-208.71334245643618	11.146881459570857
54	1	3.278959854595358	243.97041600896176	3.159204324980758	3.2380368383354536
54	2	-0.201882324820225	229.05757516211438	-12.909642368492793	6.564653044617799
54	3	1.725314968473369	226.1342582710779	9.999997677306133	7.21675906825827
54	5	-3.2121011576358183	208.87475345167653	-106.99723373782211	11.066846991429983
55	1	3.2729915871794204	243.90473526270281	3.1621573689655342	3.2526882811550735
55	2	-0.20209813853572428	227.99611197511663	-13.080985101843241	6.801434264004669
55	3	1.721223748131594	225.5810583788324	10.163779156248443	7.340161694609407
55	5	-3.18371061047871	208.12605485232066	-147.95775333821737	11.233859629720463
56	1	3.270288447013501	243.86460082430165	3.1635052247206596	3.261641094008546
56	2	-0.2143002674324913	226.97741748697163	-13.01235054392283	7.028675044504922
56	3	1.715049029725788	225.43676716917923	10.281087409621929	7.37234881987856
56	5	-3.026604743307048	203.14342828585708	-117.86412285358071	12.345337077651173
57	1	3.2832329426672544	243.76256912383948	3.157124722461557	3.2844013656293427
57	2	-0.22567099785781067	225.9037422839506	-12.914335334440938	7.268180405511188
57	3	1.7098233304236499	222.98850334448161	10.359032075623889	7.918484475729514
57	5	-2.863169356307717	196.19362626750362	-75.5104561659952	11.150133353370354
58	1	3.2883719586363007	243.87912087912088	3.154618085236108	3.2584020968131853
58	2	-0.23375017500784964	226.09364613880743	-13.18470827902389	7.225818440565007
58	3	1.7050015834881798	223.93068231203824	10.421886788138561	7.708312057551062
58	5	-2.72469751434665	190.74400391581008	-61.364272309120466	11.160235645301029
59	1	3.290475289778122	243.82346402586904	3.1535954023112804	3.2708175039056187
59	2	-0.23833242625598247	226.06424361493123	-13.09688795721296	7.232377278913553
59	3	1.6996474062083058	224.69465311533364	10.559127883821782	7.537892639717185
59	5	-2.5873300846385168	188.93402968664103	-76.62764381698135	11.163590903128092
60	1	3.2913922726903055	243.94373388605229	3.153149306748096	3.2439888352353208
60	2	-0.24829139400634917	226.92284866468842	-12.802459541601408	7.040847743887241
60	3	1.6881036567099192	224.4397226571237	10.809828285696998	7.594760127439045
60	5	-2.433540356228206	187.06315789473683	-111.67921433534798	11.167059050421052
61	1	3.291840775004591	244.0556144870435	3.1529304670699627	3.219031563562659
61	2	-0.2506998074221707	226.74120900829712	-12.378134391676323	7.0813662092058465
61	3	1.6776035005699572	222.51878843088136	11.067067138355736	8.02326405863812
61	5	-2.3259113165019834	187.65584009993754	-164.0448670916942	11.16596035985634
62	1	3.292099069826591	244.04039741779303	3.1528039040468983	3.222426044178434
62	2	-0.25142649338208456	227.13696467337675	-12.226224286387648	6.9930847595006895
62	3	1.66871556823331	222.1157311157311	11.315872125496792	8.113174291732506
62	5	-2.1877403263820283	184.72109275730622	-268.36005222926883	11.171400677090217
62	9	2.124137931034483	79.24050632911393	0.42987840185292375	11.366936368987343
63	1	3.2922753931362094	243.91258952890144	3.15271717792452	3.2509362253601353
63	2	-0.2536907571119599	226.25210908377477	-12.151371682068584	7.190470017938004
63	3	1.6619267597123975	219.9488437281009	11.459674185095311	8.59654313975473
63	5	-2.070242842141719	187.51458576429405	-245.47133547907794	11.166222211493583
63	9	2.124137931034483	78.7051282051282	0.42987840185292375	11.367928831538462
64	1	3.292412320212477	243.83287892557811	3.152649663830905	3.2687173166727206
64	2	-0.25623595517172476	228.2759976410458	-11.9539083598937	6.739000003373306
64	3	1.6613264688274039	220.23964006630356	11.742800466624592	8.531675029022026
64	5	-1.9615236939094802	187.51458576429405	-186.07321815794097	11.166222211493583
64	9	2.124137931034483	79.05194805194805	0.42987840185292375	11.367285910779222
65	1	3.292527045861806	243.78372785544843	3.152593025585909	3.2796814748856846
65	2	-0.26509433063293386	228.92	-11.80520852610987	6.595342017200004
65	3	1.6600720319936308	219.40498812351544	11.86603213969874	8.71786133034442
65	5	-1.8597536294246992	187.51458576429405	-172.5234084429876	11.166222211493583
65	9	2.1366421576497423	79.2948717948718	0.48768736236511834	11.366835588461539
66	1	3.2926269113166033	243.85784288961858	3.1525436969763194	3.2631485904854785
66	2	-0.2800219354568685	229.0534243824061	-11.49379113597853	6.565578961496286
66	3	1.660274760573625	219.47924166066716	11.805475176671223	8.701297550002394
66	5	-1.823433954766768	187.51458576429405	-209.510860657899	11.166222211493583
66	9	2.1375772487226534	79.06493506493507	0.49196699596587135	11.367261835974027
